999874 999743 999944 999852 999828 999917 999816 0 
999870 999620 999867 999824 999731 999846 999766 0 
999865 999528 999796 999784 999632 999757 999731 0 
999850 999400 999767 999740 999549 999686 999655 0 
999838 999277 999699 999700 999441 999600 999623 0 
999840 999152 999646 999668 999347 999505 999582 0 
999831 999020 999617 999644 999266 999425 999516 0 
999812 998923 999561 999620 999161 999345 999457 0 
999802 998766 999496 999592 999049 999256 999425 0 
999788 998625 999461 999564 998952 999173 999366 0 
999802 998467 999402 999536 998840 999099 999331 0 
999785 998366 999337 999508 998733 999016 999306 0 
999782 998244 999299 999468 998649 998942 999223 0 
999767 998117 999237 999452 998556 998868 999184 0 
999767 997962 999175 999420 998456 998788 999149 0 
999736 997853 999140 999384 998368 998708 999088 0 
999738 997708 999078 999372 998260 998637 999056 0 
999724 997585 999004 999344 998166 998545 999015 0 
999721 997428 998975 999316 998087 998468 998946 0 
999706 997301 998910 999284 997984 998379 998919 0 
999688 997184 998845 999248 997874 998293 998889 0 
999688 997061 998795 999208 997772 998222 998819 0 
999669 996939 998730 999180 997684 998121 998774 0 
999655 996813 998656 999156 997598 998035 998735 0 
999650 996676 998630 999132 997490 997964 998678 0 
999635 996568 998556 999096 997407 997884 998620 0 
999618 996405 998485 999064 997319 997813 998598 0 
999607 996303 998444 999032 997222 997727 998541 0 
999621 996169 998385 999016 997118 997638 998499 0 
999601 996045 998326 998988 997036 997552 998447 0 
999603 995905 998282 998956 996923 997481 998392 0 
999603 995785 998214 998924 996816 997404 998371 0 
999593 995639 998146 998884 996712 997318 998332 0 
999582 995516 998105 998848 996614 997259 998271 0 
999568 995379 998043 998824 996525 997179 998242 0 
999554 995285 997969 998804 996429 997090 998197 0 
999542 995149 997925 998760 996307 997016 998137 0 
999545 995004 997854 998712 996202 996927 998108 0 
999530 994896 997792 998680 996111 996844 998062 0 
999535 994757 997757 998644 996015 996776 998014 0 
999526 994647 997677 998612 995926 996702 997978 0 
999521 994532 997603 998580 995809 996625 997937 0 
999509 994391 997562 998536 995717 996554 997867 0 
999495 994264 997494 998500 995610 996468 997824 0 
999494 994132 997429 998456 995534 996382 997788 0 
999483 994025 997391 998436 995439 996305 997734 0 
999481 993912 997320 998396 995336 996228 997706 0 
999485 993777 997252 998388 995241 996142 997652 0 
999487 993683 997211 998360 995147 996056 997586 0 
999439 993617 997234 998260 995110 996076 997514 0 
999373 993499 997157 998148 995029 996035 997457 0 
999315 993374 997083 998052 994937 996003 997351 0 
999259 993260 997009 997932 994852 995956 997270 0 
999192 993165 996932 997840 994771 995906 997182 0 
999131 993060 996861 997728 994691 995859 997072 0 
999066 992958 996778 997628 994596 995824 996968 0 
999013 992836 996713 997516 994520 995777 996880 0 
998959 992722 996636 997420 994445 995733 996784 0 
998908 992616 996547 997316 994356 995698 996708 0 
998852 992501 996467 997224 994279 995660 996627 0 
998792 992410 996381 997112 994187 995625 996509 0 
998728 992275 996301 996988 994080 995584 996434 0 
998668 992162 996221 996860 994010 995537 996348 0 
998606 992062 996150 996748 993939 995496 996242 0 
998546 991948 996073 996644 993847 995452 996151 0 
998474 991840 995984 996536 993774 995411 996071 0 
998421 991748 995913 996428 993673 995373 995964 0 
998375 991620 995827 996320 993603 995326 995872 0 
998309 991522 995735 996212 993514 995285 995787 0 
998248 991417 995649 996112 993431 995244 995699 0 
998189 991320 995560 996008 993352 995194 995593 0 
998138 991209 995486 995920 993256 995132 995508 0 
998091 991091 995415 995804 993184 995097 995402 0 
998035 991003 995338 995712 993094 995044 995303 0 
997992 990877 995252 995604 993019 995000 995211 0 
997929 990796 995175 995488 992930 994962 995116 0 
997863 990659 995104 995396 992831 994915 995020 0 
997801 990539 995024 995288 992752 994859 994925 0 
997754 990419 994947 995180 992669 994809 994838 0 
997696 990318 994858 995072 992577 994774 994743 0 
997639 990205 994769 994968 992488 994733 994657 0 
997574 990068 994704 994868 992400 994707 994570 0 
997518 989929 994621 994760 992326 994684 994479 0 
997451 989822 994541 994656 992230 994634 994389 0 
997395 989737 994473 994548 992162 994590 994291 0 
997343 989623 994381 994428 992079 994552 994201 0 
997297 989523 994289 994328 991995 994523 994118 0 
997232 989402 994221 994224 991901 994497 994012 0 
997172 989280 994141 994116 991814 994459 993913 0 
997114 989161 994064 994012 991726 994409 993827 0 
997063 989035 993996 993896 991640 994380 993720 0 
996999 988916 993928 993792 991560 994345 993637 0 
996945 988802 993848 993692 991467 994298 993553 0 
996873 988681 993768 993588 991398 994266 993458 0 
996828 988584 993682 993492 991312 994219 993356 0 
996777 988461 993602 993388 991220 994181 993275 0 
996713 988387 993528 993272 991125 994140 993156 0 
996668 988227 993466 993180 991047 994108 993070 0 
996615 988086 993389 993072 990969 994073 992986 0 
996554 987993 993315 992960 990890 994047 992882 0 
996502 987906 993314 992816 990837 994091 992868 0 
996418 987745 993258 992700 990746 994068 992798 0 
996346 987574 993211 992580 990672 994027 992734 0 
996279 987408 993146 992468 990596 994007 992685 0 
996204 987258 993078 992360 990505 993969 992628 0 
996116 987083 993019 992236 990432 993937 992576 0 
996045 986943 992957 992120 990347 993908 992492 0 
995969 986773 992895 991980 990271 993870 992423 0 
995900 986581 992848 991864 990191 993862 992349 0 
995821 986411 992795 991760 990108 993824 992291 0 
995740 986234 992736 991636 990020 993798 992228 0 
995674 986074 992677 991512 989934 993766 992155 0 
995614 985917 992597 991404 989854 993719 992088 0 
995535 985773 992538 991280 989776 993660 992030 0 
995450 985606 992467 991152 989691 993625 991973 0 
995376 985436 992408 991040 989610 993584 991919 0 
995291 985244 992349 990936 989532 993540 991859 0 
995216 985073 992287 990820 989447 993493 991793 0 
995154 984883 992228 990712 989356 993455 991734 0 
995073 984710 992166 990592 989274 993423 991673 0 
994993 984513 992119 990492 989194 993391 991606 0 
994926 984349 992054 990384 989103 993350 991553 0 
994843 984168 991995 990276 989029 993318 991505 0 
994770 984005 991933 990156 988942 993283 991424 0 
994704 983823 991859 990052 988853 993239 991378 0 
994632 983656 991797 989956 988781 993201 991317 0 
994560 983447 991756 989852 988700 993178 991267 0 
994479 983280 991685 989740 988620 993152 991205 0 
994407 983101 991629 989628 988536 993123 991127 0 
994334 982911 991564 989512 988459 993103 991084 0 
994264 982753 991496 989412 988374 993062 991009 0 
994172 982583 991422 989284 988300 993033 990956 0 
994108 982380 991378 989168 988233 992998 990900 0 
994028 982242 991316 989040 988142 992951 990844 0 
993961 982056 991260 988924 988069 992910 990801 0 
993894 981915 991192 988808 987986 992875 990718 0 
993812 981752 991139 988704 987902 992849 990661 0 
993739 981572 991077 988596 987817 992802 990602 0 
993669 981385 991015 988484 987741 992776 990555 0 
993589 981233 990965 988376 987652 992744 990476 0 
993512 981049 990900 988264 987561 992706 990406 0 
993449 980850 990847 988152 987487 992680 990339 0 
993370 980689 990788 988032 987400 992639 990278 0 
993290 980533 990726 987920 987320 992589 990215 0 
993224 980342 990664 987808 987243 992569 990145 0 
993142 980174 990602 987700 987155 992543 990078 0 
993071 979969 990558 987572 987078 992514 990020 0 
992998 979808 990502 987468 986994 992476 989944 0 
992912 979638 990455 987348 986925 992420 989884 0 
992836 979441 990402 987220 986834 992394 989820 0 
992756 979268 990352 987104 986743 992368 989750 0 
992724 979218 990351 986948 986689 992367 989696 0 
992654 979163 990268 986848 986581 992266 989631 0 
992576 979113 990197 986748 986489 992168 989523 0 
992503 979034 990126 986648 986379 992082 989416 0 
992438 978946 990049 986540 986288 991981 989324 0 
992345 978868 989987 986444 986193 991883 989230 0 
992271 978777 989922 986336 986114 991776 989138 0 
992193 978691 989857 986240 986008 991675 989050 0 
992105 978581 989798 986136 985908 991577 988963 0 
992030 978483 989718 986024 985805 991491 988863 0 
991957 978378 989647 985940 985715 991408 988779 0 
991875 978270 989582 985828 985619 991307 988693 0 
991791 978179 989511 985712 985523 991197 988611 0 
991722 978073 989443 985604 985418 991111 988527 0 
991636 977970 989378 985500 985326 991019 988426 0 
991567 977876 989304 985396 985237 990924 988330 0 
991471 977783 989245 985296 985137 990820 988240 0 
991390 977669 989180 985192 985051 990731 988146 0 
991297 977578 989115 985084 984949 990636 988057 0 
991213 977497 989041 984980 984859 990532 987956 0 
991143 977413 988970 984888 984775 990434 987865 0 
991056 977327 988890 984796 984674 990339 987762 0 
990983 977200 988828 984676 984578 990256 987679 0 
990901 977113 988769 984568 984499 990158 987594 0 
990822 977006 988710 984464 984401 990060 987505 0 
990741 976905 988633 984348 984301 989956 987435 0 
990660 976822 988571 984232 984213 989858 987331 0 
990569 976701 988497 984144 984113 989766 987244 0 
990486 976586 988432 984040 984012 989668 987151 0 
990409 976464 988364 983932 983917 989573 987054 0 
990336 976354 988287 983836 983822 989481 986969 0 
990254 976248 988216 983740 983731 989398 986861 0 
990169 976147 988148 983640 983649 989303 986772 0 
990093 976067 988077 983544 983559 989214 986683 0 
990007 975968 987997 983432 983461 989125 986592 0 
989921 975869 987929 983340 983373 989036 986497 0 
989846 975743 987864 983236 983296 988938 986418 0 
989774 975652 987790 983128 983190 988837 986338 0 
989678 975538 987719 983016 983089 988748 986246 0 
989589 975432 987648 982912 983003 988659 986159 0 
989525 975308 987577 982808 982916 988570 986073 0 
989452 975205 987509 982704 982828 988472 985987 0 
989380 975113 987447 982612 982731 988377 985891 0 
989296 975028 987361 982512 982630 988285 985807 0 
989216 974936 987284 982412 982537 988190 985723 0 
989156 974827 987213 982308 982456 988098 985636 0 
989071 974732 987142 982200 982362 988012 985556 0 
988981 974619 987071 982112 982264 987929 985457 0 
988895 974503 987009 982012 982165 987831 985368 0 
988827 974393 986941 981924 982066 987727 985282 0 
988767 974308 986879 981824 981970 987614 985181 0 
988688 974245 986875 981640 981932 987619 985139 0 
988630 974068 986801 981552 981867 987581 985027 0 
988541 973909 986739 981448 981805 987543 984910 0 
988472 973728 986662 981340 981746 987499 984792 0 
988387 973587 986585 981244 981683 987464 984680 0 
988325 973393 986514 981148 981615 987432 984568 0 
988253 973228 986437 981048 981555 987382 984445 0 
988168 973088 986372 980940 981494 987359 984329 0 
988097 972899 986322 980848 981446 987303 984232 0 
988016 972739 986254 980756 981384 987253 984116 0 
987947 972553 986180 980668 981333 987224 984014 0 
987865 972385 986112 980580 981289 987186 983874 0 
987784 972218 986047 980480 981220 987148 983777 0 
987720 972023 985988 980388 981167 987116 983657 0 
987647 971881 985917 980288 981106 987072 983541 0 
987566 971718 985849 980192 981041 987013 983442 0 
987492 971530 985790 980088 980982 986978 983336 0 
987433 971367 985731 979992 980920 986943 983208 0 
987348 971192 985651 979892 980861 986917 983113 0 
987280 971040 985577 979808 980789 986879 982987 0 
987194 970830 985515 979712 980739 986859 982888 0 
987120 970681 985432 979624 980678 986812 982769 0 
987046 970493 985370 979532 980615 986780 982669 0 
986961 970347 985314 979436 980557 986733 982558 0 
986884 970178 985240 979348 980488 986692 982463 0 
986811 970002 985181 979256 980424 986633 982345 0 
986740 969851 985110 979168 980361 986580 982247 0 
986656 969724 985033 979072 980306 986533 982117 0 
986585 969531 984965 978972 980250 986486 982028 0 
986514 969370 984891 978876 980189 986448 981913 0 
986454 969198 984823 978784 980130 986434 981799 0 
986370 969026 984749 978684 980066 986411 981679 0 
986296 968850 984687 978600 980006 986367 981567 0 
986226 968700 984607 978488 979951 986329 981467 0 
986142 968523 984551 978408 979893 986297 981350 0 
986072 968327 984495 978312 979835 986265 981229 0 
985979 968153 984430 978212 979782 986215 981121 0 
985908 967995 984353 978112 979726 986165 981000 0 
985844 967827 984285 978012 979666 986115 980896 0 
985763 967660 984226 977908 979608 986080 980795 0 
985679 967485 984170 977816 979538 986048 980693 0 
985614 967306 984111 977716 979476 986004 980571 0 
985541 967121 984043 977620 979414 985969 980466 0 
985484 966976 983981 977524 979346 985922 980352 0 
985409 966840 983907 977412 979299 985875 980234 0 
985332 966681 983845 977308 979246 985834 980126 0 
985243 966512 983783 977212 979185 985811 980011 0 
985176 966340 983706 977104 979119 985779 979889 0 
985109 966175 983644 977004 979055 985729 979788 0 
985022 966000 983582 976908 979005 985694 979676 0 
984946 965857 983508 976816 978941 985659 979552 0 
984883 965780 983507 976664 978878 985670 979528 0 
984790 965678 983406 976516 978790 985617 979450 0 
984678 965602 983296 976340 978706 985555 979372 0 
984586 965478 983195 976208 978626 985481 979308 0 
984480 965386 983085 976076 978542 985425 979226 0 
984380 965289 982966 975952 978454 985372 979151 0 
984287 965158 982862 975808 978368 985307 979080 0 
984182 965085 982755 975668 978286 985251 979005 0 
984088 964974 982648 975520 978204 985204 978920 0 
983990 964878 982541 975388 978108 985151 978846 0 
983894 964779 982431 975264 978012 985083 978760 0 
983813 964660 982324 975132 977928 985030 978685 0 
983703 964587 982220 974976 977845 984962 978613 0 
983606 964480 982116 974844 977757 984894 978535 0 
983509 964382 982006 974712 977656 984826 978467 0 
983417 964276 981902 974584 977554 984773 978379 0 
983318 964162 981789 974440 977479 984726 978310 0 
983209 964060 981682 974292 977395 984664 978231 0 
983119 963950 981584 974144 977278 984617 978158 0 
983018 963821 981486 974016 977181 984558 978078 0 
982920 963701 981376 973908 977107 984490 977992 0 
982812 963618 981272 973768 977015 984422 977922 0 
982719 963526 981162 973624 976930 984336 977849 0 
982626 963421 981052 973480 976833 984268 977787 0 
982516 963305 980954 973376 976737 984209 977706 0 
982418 963217 980844 973240 976645 984135 977631 0 
982324 963095 980734 973108 976556 984085 977542 0 
982233 962995 980630 972980 976465 984014 977464 0 
982121 962904 980523 972848 976381 983946 977401 0 
982029 962792 980410 972724 976300 983890 977324 0 
981932 962705 980300 972572 976183 983834 977249 0 
981838 962602 980184 972424 976108 983757 977163 0 
981739 962511 980074 972284 975997 983689 977083 0 
981632 962398 979979 972148 975911 983627 977017 0 
981542 962296 979857 972016 975821 983535 976944 0 
981443 962225 979750 971884 975721 983464 976863 0 
981341 962114 979643 971764 975641 983396 976784 0 
981234 962039 979527 971640 975550 983313 976714 0 
981137 961937 979420 971504 975460 983245 976640 0 
981031 961856 979313 971372 975378 983156 976566 0 
980946 961760 979191 971244 975276 983085 976494 0 
980840 961656 979081 971092 975179 983035 976433 0 
980740 961579 978974 970928 975099 982949 976362 0 
980647 961502 978861 970804 975016 982887 976280 0 
980545 961426 978751 970640 974928 982819 976197 0 
980445 961334 978638 970524 974847 982751 976119 0 
980340 961236 978528 970392 974757 982698 976042 0 
980239 961138 978415 970252 974658 982636 975972 0 
980137 961020 978311 970120 974573 982565 975905 0 
980046 960928 978201 969988 974475 982491 975838 0 
979955 960832 978091 969864 974371 982435 975766 0 
979904 960776 978075 969740 974329 982431 975709 0 
979816 960694 977962 969652 974223 982327 975632 0 
979727 960588 977870 969568 974128 982244 975539 0 
979635 960500 977766 969492 974036 982140 975430 0 
979547 960393 977656 969420 973935 982045 975324 0 
979465 960266 977555 969344 973846 981941 975232 0 
979378 960167 977445 969272 973743 981855 975124 0 
979277 960084 977329 969188 973652 981751 975031 0 
979191 959988 977225 969128 973544 981644 974926 0 
979093 959875 977130 969056 973453 981537 974820 0 
979005 959749 977023 968972 973367 981430 974734 0 
